i 150000
54259
145700
52486
15796
81261
26350
140276
95620
30372
91142
9443
127752
91072
8910
41734
56801
83030
60907
29159
80975
107774
3330
44779
121962
147418
5833
26490
72672
516
148599
14410
101888
111424
53069
23060
130337
1894
87375
131037
76659
51821
76972
33335
104087
100254
63748
74849
79491
47884
93220
67936
85689
138252
19119
42158
105580
76941
147812
130543
122821
15890
101626
113837
8291
83847
60148
122278
84621
33796
42044
83481
82463
53866
16862
54913
122084
99969
136594
90389
22156
105967
50588
111787
104360
10743
14586
39998
127639
61021
75338
132786
49505
54208
106329
31887
123921
76880
87676
87268
5739
21832
114236
2952
140627
79851
30357
136282
126780
1526
77550
130893
40540
109536
52632
122963
72278
62887
58632
130609
71587
131548
138867
17465
51945
32880
66226
113636
4602
10080
64692
30298
19391
147676
68643
18222
106648
69833
77326
45438
9262
103909
137286
55187
137216
14286
34282
12075
148703
70084
48448
2160
92102
4799
22120
121371
111721
56378
108816
16314
7263
92552
114428
82086
72489
78585
57602
123233
72463
82800
115721
146452
1159
139431
135745
77005
92011
148443
25417
125153
33226
138021
50096
124180
67392
147402
43595
17776
31003
5644
148032
91686
114105
135792
27694
72610
93266
103684
5415
106350
62496
106385
146843
77155
56618
6887
18338
141108
29918
19355
18002
118203
119625
132705
76578
120555
138986
29800
95588
137867
108286
64988
84192
105919
144272
104024
123769
149423
38887
57743
80180
117106
67206
54084
148106
14326
21790
92207
149651
86913
126523
7586
20727
119273
137226
47987
53418
30029
89030
17223
120697
129685
51623
86501
41449
96958
3020
